{
    "camera_angle_x": 0.6911112070083618,
    "width": 36.0,
    "height": 24.0,
    "focal": 50.0,
    "frames": [
        {
            "file_path": "./D15_V50/0.0",
            "rotation": 0.12566370614359174,
            "transform_matrix": [
                [
                    -1.0,
                    0.0,
                    0.0,
                    0.0
                ],
                [
                    0.0,
                    -0.37662869691848755,
                    0.9263643622398376,
                    3.7342936992645264
                ],
                [
                    0.0,
                    0.9263642430305481,
                    0.3766287863254547,
                    1.5182390213012695
                ],
                [
                    0.0,
                    0.0,
                    0.0,
                    1.0
                ]
            ]
        },
        {
            "file_path": "./D15_V50/7.2",
            "rotation": 0.12566370614359174,
            "transform_matrix": [
                [
                    -0.992114782333374,
                    0.04720409959554672,
                    -0.11610423773527145,
                    -0.4680311381816864
                ],
                [
                    -0.1253332495689392,
                    -0.3736588954925537,
                    0.9190596342086792,
                    3.704847812652588
                ],
                [
                    0.0,
                    0.9263642430305481,
                    0.3766287565231323,
                    1.5182390213012695
                ],
                [
                    0.0,
                    0.0,
                    0.0,
                    1.0
                ]
            ]
        },
        {
            "file_path": "./D15_V50/14.4",
            "rotation": 0.12566370614359174,
            "transform_matrix": [
                [
                    -0.9685832262039185,
                    0.0936637595295906,
                    -0.2303774356842041,
                    -0.9286811351776123
                ],
                [
                    -0.2486899197101593,
                    -0.3647962510585785,
                    0.897260844707489,
                    3.616974115371704
                ],
                [
                    -7.450581485102248e-09,
                    0.9263642430305481,
                    0.3766287565231323,
                    1.5182390213012695
                ],
                [
                    0.0,
                    0.0,
                    0.0,
                    1.0
                ]
            ]
        },
        {
            "file_path": "./D15_V50/21.6",
            "rotation": 0.12566370614359174,
            "transform_matrix": [
                [
                    -0.9297765493392944,
                    0.13864630460739136,
                    -0.3410174548625946,
                    -1.374685287475586
                ],
                [
                    -0.3681245744228363,
                    -0.3501805365085602,
                    0.861311674118042,
                    3.4720585346221924
                ],
                [
                    7.450581485102248e-09,
                    0.9263642430305481,
                    0.3766287565231323,
                    1.5182390213012695
                ],
                [
                    0.0,
                    0.0,
                    0.0,
                    1.0
                ]
            ]
        },
        {
            "file_path": "./D15_V50/28.8",
            "rotation": 0.12566370614359174,
            "transform_matrix": [
                [
                    -0.8763066530227661,
                    0.1814422905445099,
                    -0.4462794065475464,
                    -1.799009919166565
                ],
                [
                    -0.48175370693206787,
                    -0.3300422728061676,
                    0.8117791414260864,
                    3.2723865509033203
                ],
                [
                    0.0,
                    0.9263642430305481,
                    0.37662872672080994,
                    1.5182390213012695
                ],
                [
                    0.0,
                    0.0,
                    0.0,
                    1.0
                ]
            ]
        },
        {
            "file_path": "./D15_V50/36.0",
            "rotation": 0.12566370614359174,
            "transform_matrix": [
                [
                    -0.8090169429779053,
                    0.22137680649757385,
                    -0.5445032715797424,
                    -2.194962739944458
                ],
                [
                    -0.5877851843833923,
                    -0.30469903349876404,
                    0.7494444847106934,
                    3.0211069583892822
                ],
                [
                    1.4901160305669237e-08,
                    0.9263642430305481,
                    0.3766287863254547,
                    1.5182390213012695
                ],
                [
                    0.0,
                    0.0,
                    0.0,
                    1.0
                ]
            ]
        },
        {
            "file_path": "./D15_V50/43.2",
            "rotation": 0.12566370614359174,
            "transform_matrix": [
                [
                    -0.728968620300293,
                    0.25782012939453125,
                    -0.6341400146484375,
                    -2.556300163269043
                ],
                [
                    -0.6845471858978271,
                    -0.27455049753189087,
                    0.6752904653549194,
                    2.7221829891204834
                ],
                [
                    1.4901162970204496e-08,
                    0.9263642430305481,
                    0.3766287565231323,
                    1.5182390213012695
                ],
                [
                    0.0,
                    0.0,
                    0.0,
                    1.0
                ]
            ]
        },
        {
            "file_path": "./D15_V50/50.4",
            "rotation": 0.12566370614359174,
            "transform_matrix": [
                [
                    -0.6374239921569824,
                    0.2901974618434906,
                    -0.7137759327888489,
                    -2.8773229122161865
                ],
                [
                    -0.7705132365226746,
                    -0.24007220566272736,
                    0.5904868245124817,
                    2.380328416824341
                ],
                [
                    1.4901161193847656e-08,
                    0.9263642430305481,
                    0.3766287565231323,
                    1.5182390213012695
                ],
                [
                    0.0,
                    0.0,
                    0.0,
                    1.0
                ]
            ]
        },
        {
            "file_path": "./D15_V50/57.6",
            "rotation": 0.12566370614359174,
            "transform_matrix": [
                [
                    -0.5358266830444336,
                    0.3179982304573059,
                    -0.7821551561355591,
                    -3.152968645095825
                ],
                [
                    -0.844327986240387,
                    -0.20180778205394745,
                    0.49637067317962646,
                    2.000934362411499
                ],
                [
                    0.0,
                    0.9263642430305481,
                    0.37662872672080994,
                    1.5182390213012695
                ],
                [
                    0.0,
                    0.0,
                    0.0,
                    1.0
                ]
            ]
        },
        {
            "file_path": "./D15_V50/64.8",
            "rotation": 0.12566370614359174,
            "transform_matrix": [
                [
                    -0.42577922344207764,
                    0.34078389406204224,
                    -0.8381994962692261,
                    -3.378890037536621
                ],
                [
                    -0.9048270583152771,
                    -0.1603606939315796,
                    0.3944266736507416,
                    1.589984655380249
                ],
                [
                    1.4901160305669237e-08,
                    0.9263642430305481,
                    0.3766287565231323,
                    1.5182390213012695
                ],
                [
                    0.0,
                    0.0,
                    0.0,
                    1.0
                ]
            ]
        },
        {
            "file_path": "./D15_V50/72.0",
            "rotation": 0.12566370614359174,
            "transform_matrix": [
                [
                    -0.3090168833732605,
                    0.3581952452659607,
                    -0.8810247778892517,
                    -3.5515246391296387
                ],
                [
                    -0.9510566592216492,
                    -0.11638463288545609,
                    0.2862621545791626,
                    1.1539597511291504
                ],
                [
                    0.0,
                    0.9263642430305481,
                    0.37662872672080994,
                    1.5182390213012695
                ],
                [
                    0.0,
                    0.0,
                    0.0,
                    1.0
                ]
            ]
        },
        {
            "file_path": "./D15_V50/79.2",
            "rotation": 0.12566370614359174,
            "transform_matrix": [
                [
                    -0.18738111853599548,
                    0.3699575960636139,
                    -0.9099559187889099,
                    -3.66814923286438
                ],
                [
                    -0.9822872877120972,
                    -0.0705731064081192,
                    0.17358317971229553,
                    0.6997361183166504
                ],
                [
                    0.0,
                    0.9263642430305481,
                    0.3766287863254547,
                    1.5182390213012695
                ],
                [
                    0.0,
                    0.0,
                    0.0,
                    1.0
                ]
            ]
        },
        {
            "file_path": "./D15_V50/86.4",
            "rotation": 0.12566370614359174,
            "transform_matrix": [
                [
                    -0.06279026716947556,
                    0.375885546207428,
                    -0.9245363473892212,
                    -3.7269251346588135
                ],
                [
                    -0.9980268478393555,
                    -0.023648615926504135,
                    0.05816665291786194,
                    0.23447728157043457
                ],
                [
                    0.0,
                    0.9263642430305481,
                    0.3766287565231323,
                    1.5182390213012695
                ],
                [
                    0.0,
                    0.0,
                    0.0,
                    1.0
                ]
            ]
        },
        {
            "file_path": "./D15_V50/93.6",
            "rotation": 0.12566370614359174,
            "transform_matrix": [
                [
                    0.06279081851243973,
                    0.3758855164051056,
                    -0.9245363473892212,
                    -3.7269248962402344
                ],
                [
                    -0.9980266690254211,
                    0.023648828268051147,
                    -0.05816718190908432,
                    -0.2344793826341629
                ],
                [
                    0.0,
                    0.9263642430305481,
                    0.3766287863254547,
                    1.5182390213012695
                ],
                [
                    0.0,
                    0.0,
                    0.0,
                    1.0
                ]
            ]
        },
        {
            "file_path": "./D15_V50/100.8",
            "rotation": 0.12566370614359174,
            "transform_matrix": [
                [
                    0.18738168478012085,
                    0.3699575662612915,
                    -0.9099557399749756,
                    -3.6681487560272217
                ],
                [
                    -0.9822871685028076,
                    0.07057332247495651,
                    -0.17358368635177612,
                    -0.6997382044792175
                ],
                [
                    0.0,
                    0.9263642430305481,
                    0.3766287565231323,
                    1.5182390213012695
                ],
                [
                    0.0,
                    0.0,
                    0.0,
                    1.0
                ]
            ]
        },
        {
            "file_path": "./D15_V50/108.0",
            "rotation": 0.12566370614359174,
            "transform_matrix": [
                [
                    0.3090173900127411,
                    0.3581951856613159,
                    -0.8810246586799622,
                    -3.5515239238739014
                ],
                [
                    -0.9510564208030701,
                    0.1163848266005516,
                    -0.2862626612186432,
                    -1.1539616584777832
                ],
                [
                    -7.450581485102248e-09,
                    0.9263642430305481,
                    0.3766287565231323,
                    1.5182390213012695
                ],
                [
                    0.0,
                    0.0,
                    0.0,
                    1.0
                ]
            ]
        },
        {
            "file_path": "./D15_V50/115.2",
            "rotation": 0.12566370614359174,
            "transform_matrix": [
                [
                    0.4257795512676239,
                    0.3407838046550751,
                    -0.8381993174552917,
                    -3.378889322280884
                ],
                [
                    -0.9048268795013428,
                    0.16036082804203033,
                    -0.39442700147628784,
                    -1.5899860858917236
                ],
                [
                    0.0,
                    0.9263642430305481,
                    0.3766287565231323,
                    1.5182390213012695
                ],
                [
                    0.0,
                    0.0,
                    0.0,
                    1.0
                ]
            ]
        },
        {
            "file_path": "./D15_V50/122.4",
            "rotation": 0.12566370614359174,
            "transform_matrix": [
                [
                    0.5358271598815918,
                    0.3179980516433716,
                    -0.7821550369262695,
                    -3.152967691421509
                ],
                [
                    -0.8443278074264526,
                    0.2018078863620758,
                    -0.4963710904121399,
                    -2.0009357929229736
                ],
                [
                    1.4901162970204496e-08,
                    0.9263642430305481,
                    0.3766287565231323,
                    1.5182390213012695
                ],
                [
                    0.0,
                    0.0,
                    0.0,
                    1.0
                ]
            ]
        },
        {
            "file_path": "./D15_V50/129.6",
            "rotation": 0.12566370614359174,
            "transform_matrix": [
                [
                    0.6374242901802063,
                    0.2901972830295563,
                    -0.7137757539749146,
                    -2.877321720123291
                ],
                [
                    -0.7705128192901611,
                    0.2400723099708557,
                    -0.5904871821403503,
                    -2.3803296089172363
                ],
                [
                    1.4901159417490817e-08,
                    0.9263642430305481,
                    0.3766287863254547,
                    1.5182390213012695
                ],
                [
                    0.0,
                    0.0,
                    0.0,
                    1.0
                ]
            ]
        },
        {
            "file_path": "./D15_V50/136.8",
            "rotation": 0.12566370614359174,
            "transform_matrix": [
                [
                    0.7289689779281616,
                    0.2578199803829193,
                    -0.6341396570205688,
                    -2.5562987327575684
                ],
                [
                    -0.6845467686653137,
                    0.2745506763458252,
                    -0.6752907633781433,
                    -2.722184181213379
                ],
                [
                    1.4901162970204496e-08,
                    0.9263642430305481,
                    0.3766287565231323,
                    1.5182390213012695
                ],
                [
                    0.0,
                    0.0,
                    0.0,
                    1.0
                ]
            ]
        },
        {
            "file_path": "./D15_V50/144.0",
            "rotation": 0.12566370614359174,
            "transform_matrix": [
                [
                    0.8090173006057739,
                    0.22137664258480072,
                    -0.544502854347229,
                    -2.1949610710144043
                ],
                [
                    -0.5877848267555237,
                    0.3046991229057312,
                    -0.7494447231292725,
                    -3.0211081504821777
                ],
                [
                    -1.4901161193847656e-08,
                    0.9263642430305481,
                    0.3766287565231323,
                    1.5182390213012695
                ],
                [
                    0.0,
                    0.0,
                    0.0,
                    1.0
                ]
            ]
        },
        {
            "file_path": "./D15_V50/151.2",
            "rotation": 0.12566370614359174,
            "transform_matrix": [
                [
                    0.8763070702552795,
                    0.18144206702709198,
                    -0.4462788999080658,
                    -1.799007773399353
                ],
                [
                    -0.4817531704902649,
                    0.33004239201545715,
                    -0.8117794990539551,
                    -3.272387742996216
                ],
                [
                    1.4901162970204496e-08,
                    0.9263642430305481,
                    0.3766287565231323,
                    1.5182390213012695
                ],
                [
                    0.0,
                    0.0,
                    0.0,
                    1.0
                ]
            ]
        },
        {
            "file_path": "./D15_V50/158.4",
            "rotation": 0.12566370614359174,
            "transform_matrix": [
                [
                    0.9297767877578735,
                    0.13864608108997345,
                    -0.34101682901382446,
                    -1.374682903289795
                ],
                [
                    -0.36812394857406616,
                    0.3501807153224945,
                    -0.8613118529319763,
                    -3.472059488296509
                ],
                [
                    7.450581485102248e-09,
                    0.9263642430305481,
                    0.37662872672080994,
                    1.5182390213012695
                ],
                [
                    0.0,
                    0.0,
                    0.0,
                    1.0
                ]
            ]
        },
        {
            "file_path": "./D15_V50/165.6",
            "rotation": 0.12566370614359174,
            "transform_matrix": [
                [
                    0.968583345413208,
                    0.09366349875926971,
                    -0.23037679493427277,
                    -0.928678572177887
                ],
                [
                    -0.2486891895532608,
                    0.36479634046554565,
                    -0.8972610235214233,
                    -3.6169748306274414
                ],
                [
                    7.450580596923828e-09,
                    0.9263642430305481,
                    0.3766287565231323,
                    1.5182390213012695
                ],
                [
                    0.0,
                    0.0,
                    0.0,
                    1.0
                ]
            ]
        },
        {
            "file_path": "./D15_V50/172.8",
            "rotation": 0.12566370614359174,
            "transform_matrix": [
                [
                    0.992114782333374,
                    0.04720380902290344,
                    -0.11610354483127594,
                    -0.46802830696105957
                ],
                [
                    -0.12533247470855713,
                    0.3736588954925537,
                    -0.9190598130226135,
                    -3.704848051071167
                ],
                [
                    -3.725290076417309e-09,
                    0.9263642430305481,
                    0.3766287863254547,
                    1.5182390213012695
                ],
                [
                    0.0,
                    0.0,
                    0.0,
                    1.0
                ]
            ]
        },
        {
            "file_path": "./D15_V50/180.0",
            "rotation": 0.12566370614359174,
            "transform_matrix": [
                [
                    0.9999999403953552,
                    -3.023117756129068e-07,
                    7.435727411575499e-07,
                    2.997437377416645e-06
                ],
                [
                    8.026784712455992e-07,
                    0.37662869691848755,
                    -0.9263643026351929,
                    -3.7342936992645264
                ],
                [
                    0.0,
                    0.9263642430305481,
                    0.3766287565231323,
                    1.5182390213012695
                ],
                [
                    0.0,
                    0.0,
                    0.0,
                    1.0
                ]
            ]
        },
        {
            "file_path": "./D15_V50/187.2",
            "rotation": 0.12566370614359174,
            "transform_matrix": [
                [
                    0.9921146631240845,
                    -0.04720441251993179,
                    0.11610500514507294,
                    0.4680342674255371
                ],
                [
                    0.12533408403396606,
                    0.37365883588790894,
                    -0.9190594553947449,
                    -3.7048473358154297
                ],
                [
                    0.0,
                    0.9263642430305481,
                    0.37662872672080994,
                    1.5182390213012695
                ],
                [
                    0.0,
                    0.0,
                    0.0,
                    1.0
                ]
            ]
        },
        {
            "file_path": "./D15_V50/194.4",
            "rotation": 0.12566370614359174,
            "transform_matrix": [
                [
                    0.9685829877853394,
                    -0.09366408735513687,
                    0.23037822544574738,
                    0.928684413433075
                ],
                [
                    0.24869078397750854,
                    0.36479616165161133,
                    -0.8972606062889099,
                    -3.616973400115967
                ],
                [
                    7.450581485102248e-09,
                    0.9263642430305481,
                    0.37662872672080994,
                    1.5182390213012695
                ],
                [
                    0.0,
                    0.0,
                    0.0,
                    1.0
                ]
            ]
        },
        {
            "file_path": "./D15_V50/201.6",
            "rotation": 0.12566370614359174,
            "transform_matrix": [
                [
                    0.929776132106781,
                    -0.13864663243293762,
                    0.34101828932762146,
                    1.3746886253356934
                ],
                [
                    0.3681254982948303,
                    0.35018041729927063,
                    -0.8613113760948181,
                    -3.4720571041107178
                ],
                [
                    -7.450580596923828e-09,
                    0.9263642430305481,
                    0.3766287565231323,
                    1.5182390213012695
                ],
                [
                    0.0,
                    0.0,
                    0.0,
                    1.0
                ]
            ]
        },
        {
            "file_path": "./D15_V50/208.8",
            "rotation": 0.12566370614359174,
            "transform_matrix": [
                [
                    0.8763062357902527,
                    -0.18144260346889496,
                    0.44628021121025085,
                    1.7990130186080933
                ],
                [
                    0.4817545711994171,
                    0.3300420939922333,
                    -0.8117787837982178,
                    -3.2723848819732666
                ],
                [
                    0.0,
                    0.9263642430305481,
                    0.3766287565231323,
                    1.5182390213012695
                ],
                [
                    0.0,
                    0.0,
                    0.0,
                    1.0
                ]
            ]
        },
        {
            "file_path": "./D15_V50/216.0",
            "rotation": 0.12566370614359174,
            "transform_matrix": [
                [
                    0.8090164065361023,
                    -0.2213771641254425,
                    0.5445039868354797,
                    2.1949660778045654
                ],
                [
                    0.587786078453064,
                    0.3046988248825073,
                    -0.749443769454956,
                    -3.0211048126220703
                ],
                [
                    1.4901161193847656e-08,
                    0.9263642430305481,
                    0.37662872672080994,
                    1.5182390213012695
                ],
                [
                    0.0,
                    0.0,
                    0.0,
                    1.0
                ]
            ]
        },
        {
            "file_path": "./D15_V50/223.2",
            "rotation": 0.12566370614359174,
            "transform_matrix": [
                [
                    0.7289678454399109,
                    -0.2578204274177551,
                    0.63414067029953,
                    2.556303024291992
                ],
                [
                    0.6845479607582092,
                    0.2745502293109894,
                    -0.6752896904945374,
                    -2.722180128097534
                ],
                [
                    1.4901162970204496e-08,
                    0.9263642430305481,
                    0.37662872672080994,
                    1.5182390213012695
                ],
                [
                    0.0,
                    0.0,
                    0.0,
                    1.0
                ]
            ]
        },
        {
            "file_path": "./D15_V50/230.4",
            "rotation": 0.12566370614359174,
            "transform_matrix": [
                [
                    0.6374230980873108,
                    -0.2901977002620697,
                    0.7137765884399414,
                    2.8773255348205566
                ],
                [
                    0.7705139517784119,
                    0.2400718629360199,
                    -0.5904859900474548,
                    -2.3803250789642334
                ],
                [
                    0.0,
                    0.9263642430305481,
                    0.3766287565231323,
                    1.5182390213012695
                ],
                [
                    0.0,
                    0.0,
                    0.0,
                    1.0
                ]
            ]
        },
        {
            "file_path": "./D15_V50/237.6",
            "rotation": 0.12566370614359174,
            "transform_matrix": [
                [
                    0.5358257293701172,
                    -0.31799840927124023,
                    0.7821558117866516,
                    3.152971029281616
                ],
                [
                    0.8443285822868347,
                    0.20180737972259521,
                    -0.4963698387145996,
                    -2.0009307861328125
                ],
                [
                    0.0,
                    0.9263642430305481,
                    0.3766287565231323,
                    1.5182390213012695
                ],
                [
                    0.0,
                    0.0,
                    0.0,
                    1.0
                ]
            ]
        },
        {
            "file_path": "./D15_V50/244.8",
            "rotation": 0.12566370614359174,
            "transform_matrix": [
                [
                    0.42577818036079407,
                    -0.3407841622829437,
                    0.8381999135017395,
                    3.378891944885254
                ],
                [
                    0.9048275947570801,
                    0.16036033630371094,
                    -0.3944256603717804,
                    -1.5899807214736938
                ],
                [
                    0.0,
                    0.9263642430305481,
                    0.3766287565231323,
                    1.5182390213012695
                ],
                [
                    0.0,
                    0.0,
                    0.0,
                    1.0
                ]
            ]
        },
        {
            "file_path": "./D15_V50/252.0",
            "rotation": 0.12566370614359174,
            "transform_matrix": [
                [
                    0.3090157210826874,
                    -0.35819536447525024,
                    0.8810251355171204,
                    3.5515260696411133
                ],
                [
                    0.951056957244873,
                    0.11638420820236206,
                    -0.28626111149787903,
                    -1.1539555788040161
                ],
                [
                    -7.450580596923828e-09,
                    0.9263642430305481,
                    0.37662872672080994,
                    1.5182390213012695
                ],
                [
                    0.0,
                    0.0,
                    0.0,
                    1.0
                ]
            ]
        },
        {
            "file_path": "./D15_V50/259.2",
            "rotation": 0.12566370614359174,
            "transform_matrix": [
                [
                    0.18737998604774475,
                    -0.36995774507522583,
                    0.9099559783935547,
                    3.6681501865386963
                ],
                [
                    0.982287585735321,
                    0.07057268917560577,
                    -0.17358209192752838,
                    -0.6997318267822266
                ],
                [
                    0.0,
                    0.9263642430305481,
                    0.37662872672080994,
                    1.5182390213012695
                ],
                [
                    0.0,
                    0.0,
                    0.0,
                    1.0
                ]
            ]
        },
        {
            "file_path": "./D15_V50/266.4",
            "rotation": 0.12566370614359174,
            "transform_matrix": [
                [
                    0.06278910487890244,
                    -0.37588557600975037,
                    0.9245363473892212,
                    3.7269253730773926
                ],
                [
                    0.9980269074440002,
                    0.023648180067539215,
                    -0.05816557630896568,
                    -0.23447296023368835
                ],
                [
                    -1.862645371275562e-09,
                    0.9263642430305481,
                    0.37662872672080994,
                    1.5182390213012695
                ],
                [
                    0.0,
                    0.0,
                    0.0,
                    1.0
                ]
            ]
        },
        {
            "file_path": "./D15_V50/273.6",
            "rotation": 0.12566370614359174,
            "transform_matrix": [
                [
                    -0.06279198825359344,
                    -0.3758854866027832,
                    0.9245363473892212,
                    3.7269246578216553
                ],
                [
                    0.9980267286300659,
                    -0.023649265989661217,
                    0.058168258517980576,
                    0.2344837188720703
                ],
                [
                    1.862645149230957e-09,
                    0.9263642430305481,
                    0.3766287863254547,
                    1.5182390213012695
                ],
                [
                    0.0,
                    0.0,
                    0.0,
                    1.0
                ]
            ]
        },
        {
            "file_path": "./D15_V50/280.8",
            "rotation": 0.12566370614359174,
            "transform_matrix": [
                [
                    -0.18738281726837158,
                    -0.36995747685432434,
                    0.909955620765686,
                    3.6681480407714844
                ],
                [
                    0.9822869896888733,
                    -0.07057374715805054,
                    0.17358475923538208,
                    0.6997424364089966
                ],
                [
                    -7.450580596923828e-09,
                    0.9263642430305481,
                    0.3766287863254547,
                    1.5182390213012695
                ],
                [
                    0.0,
                    0.0,
                    0.0,
                    1.0
                ]
            ]
        },
        {
            "file_path": "./D15_V50/288.0",
            "rotation": 0.12566370614359174,
            "transform_matrix": [
                [
                    -0.30901849269866943,
                    -0.3581950068473816,
                    0.8810243606567383,
                    3.5515224933624268
                ],
                [
                    0.9510560035705566,
                    -0.11638524383306503,
                    0.28626370429992676,
                    1.1539658308029175
                ],
                [
                    0.0,
                    0.9263642430305481,
                    0.3766287565231323,
                    1.5182390213012695
                ],
                [
                    0.0,
                    0.0,
                    0.0,
                    1.0
                ]
            ]
        },
        {
            "file_path": "./D15_V50/295.2",
            "rotation": 0.12566370614359174,
            "transform_matrix": [
                [
                    -0.4257808327674866,
                    -0.34078362584114075,
                    0.838198721408844,
                    3.378887414932251
                ],
                [
                    0.9048264026641846,
                    -0.16036128997802734,
                    0.3944280743598938,
                    1.589990496635437
                ],
                [
                    0.0,
                    0.9263642430305481,
                    0.37662872672080994,
                    1.5182390213012695
                ],
                [
                    0.0,
                    0.0,
                    0.0,
                    1.0
                ]
            ]
        },
        {
            "file_path": "./D15_V50/302.4",
            "rotation": 0.12566370614359174,
            "transform_matrix": [
                [
                    -0.5358282327651978,
                    -0.31799784302711487,
                    0.782154381275177,
                    3.1529653072357178
                ],
                [
                    0.8443270325660706,
                    -0.20180830359458923,
                    0.4963721036911011,
                    2.0009400844573975
                ],
                [
                    -1.4901161193847656e-08,
                    0.9263642430305481,
                    0.37662872672080994,
                    1.5182390213012695
                ],
                [
                    0.0,
                    0.0,
                    0.0,
                    1.0
                ]
            ]
        },
        {
            "file_path": "./D15_V50/309.6",
            "rotation": 0.12566370614359174,
            "transform_matrix": [
                [
                    -0.6374252438545227,
                    -0.2901970148086548,
                    0.7137749195098877,
                    2.8773186206817627
                ],
                [
                    0.7705121040344238,
                    -0.24007268249988556,
                    0.5904880166053772,
                    2.380333185195923
                ],
                [
                    0.0,
                    0.9263642430305481,
                    0.37662872672080994,
                    1.5182390213012695
                ],
                [
                    0.0,
                    0.0,
                    0.0,
                    1.0
                ]
            ]
        },
        {
            "file_path": "./D15_V50/316.8",
            "rotation": 0.12566370614359174,
            "transform_matrix": [
                [
                    -0.7289698123931885,
                    -0.25781962275505066,
                    0.6341387629508972,
                    2.556295156478882
                ],
                [
                    0.6845457553863525,
                    -0.2745509743690491,
                    0.6752915978431702,
                    2.7221875190734863
                ],
                [
                    -1.4901161193847656e-08,
                    0.9263642430305481,
                    0.3766287565231323,
                    1.5182390213012695
                ],
                [
                    0.0,
                    0.0,
                    0.0,
                    1.0
                ]
            ]
        },
        {
            "file_path": "./D15_V50/324.0",
            "rotation": 0.12566370614359174,
            "transform_matrix": [
                [
                    -0.8090181350708008,
                    -0.22137625515460968,
                    0.5445019006729126,
